('data', '09-12-20 22:30')

('threshold', 20)

('Max nowych krawędzi', 30)

('Ile krawędzi jest dodawanych w jednej iteracji:', 6)

('graf bazowy:', <igraph.Graph object at 0x7fe2411f5d68>)

('graf z randomowymi krawędziami', <igraph.Graph object at 0x7fe2411f5e58>)

('graf z najlepszymi krawędziami', <igraph.Graph object at 0x7fe24e0569a8>)

('digraf bazowy:', <igraph.Graph object at 0x7fe24045d9a8>)

('modularność grafu z randomowymi krawędziami', [0.30598704020182294, 0.3102478858091758, 0.30603052791364477, 0.30446167071248453, 0.3068765268866278, 0.31360904659020733, 0.2898780789081853, 0.2984466181061395, 0.3072224731639919, 0.3159820051711944, 0.3093432173987748, 0.2947056972089888, 0.3056615713346483, 0.31440862612527687, 0.30431512091103535, 0.31211210770377545, 0.30834727066847145, 0.30081707168647814, 0.3057360358435471, 0.31004538489979316, 0.3042657630961891, 0.3082651027033626, 0.30774315013619613, 0.3076447902365583, 0.3022307991531476, 0.31390524593344343, 0.3094437817637318, 0.2965737114829318, 0.31438678947501325, 0.3122924895585547, 0.3058947494048404])

('modularność grafu z najlepszymi krawędziami', [0.3032896253797743, 0.2955123858353865, 0.30965002529937596, 0.298794161237196, 0.31190015168192436, 0.30305893103096254, 0.31145297090853247, 0.30410572320499485, 0.3115434690190244, 0.31519771288111054, 0.32076925872813417, 0.3146211281043964, 0.31741042077580534, 0.31259867434147426, 0.31493776205022195, 0.3066414500994145, 0.32621742893586003, 0.32615684206255835, 0.32521172037371565, 0.3175320366372872, 0.3273290345023061, 0.3325245252770588, 0.3136700849222881, 0.31530204688970903, 0.3345919740332618, 0.3211057026408566, 0.321756689021566, 0.3202586922985641, 0.3297762367111941, 0.33478193791334826, 0.3335414036343993])

('Miary:', ['closeness', 'betweenness', 'indegree', 'outdegree', 'degree'])

('Grupa inizializująca dla 5% próby', [<igraph.VertexSeq object at 0x7fe240b93cc8>, <igraph.VertexSeq object at 0x7fe240b93f48>, <igraph.VertexSeq object at 0x7fe240b93e08>, <igraph.VertexSeq object at 0x7fe240b93688>, <igraph.VertexSeq object at 0x7fe240b93f98>])

('Grupa inizializująca dla 10% próby', [<igraph.VertexSeq object at 0x7fe240b93e58>, <igraph.VertexSeq object at 0x7fe240b93d18>, <igraph.VertexSeq object at 0x7fe240b93db8>, <igraph.VertexSeq object at 0x7fe24041f098>, <igraph.VertexSeq object at 0x7fe24c72fae8>])

('wyniki modelu IC dla 5% inicjalnych węzłów', [('closeness', [2, 4, 3, 9, 7, 2, 2, 4, 3, 9, 6, 3, 2, 9, 4, 4, 4, 9, 4, 2, 2, 3, 2, 3, 5, 2, 3, 4, 3, 2, 5], [7, 13, 10, 18, 14, 7, 7, 11, 9, 20, 11, 8, 7, 18, 11, 12, 11, 16, 10, 7, 7, 9, 7, 8, 13, 7, 9, 12, 8, 7, 12]), ('betweenness', [3, 2, 7, 2, 9, 4, 5, 3, 6, 2, 5, 5, 7, 6, 9, 5, 5, 5, 3, 6, 3, 5, 3, 4, 2, 7, 4, 2, 5, 4, 2], [9, 7, 17, 7, 20, 9, 12, 8, 13, 7, 10, 14, 13, 13, 18, 11, 14, 15, 8, 12, 8, 15, 10, 13, 7, 15, 11, 7, 12, 11, 7]), ('indegree', [2, 2, 6, 4, 3, 2, 4, 3, 6, 3, 6, 5, 2, 8, 3, 6, 6, 6, 4, 14, 3, 2, 2, 2, 3, 2, 2, 2, 11, 10, 4], [6, 6, 17, 11, 7, 6, 9, 8, 14, 12, 12, 9, 6, 15, 8, 14, 13, 14, 13, 23, 8, 6, 6, 6, 7, 6, 6, 6, 20, 18, 9]), ('outdegree', [3, 2, 4, 7, 2, 4, 4, 6, 10, 3, 2, 3, 2, 2, 3, 4, 7, 5, 2, 4, 3, 2, 3, 6, 4, 2, 2, 5, 5, 3, 2], [7, 6, 9, 15, 6, 10, 9, 13, 21, 7, 6, 8, 6, 6, 7, 9, 18, 11, 6, 10, 9, 6, 7, 11, 11, 6, 6, 13, 12, 9, 6]), ('degree', [5, 5, 4, 10, 4, 3, 10, 2, 3, 9, 2, 2, 12, 4, 2, 2, 5, 3, 3, 5, 2, 5, 4, 4, 4, 6, 8, 4, 8, 3, 5], [9, 9, 8, 18, 8, 7, 20, 6, 8, 16, 6, 6, 21, 9, 6, 6, 11, 7, 7, 10, 6, 13, 8, 10, 9, 13, 16, 9, 15, 8, 13])])

('wyniki modelu IC dla 10% inicjalnych węzłów', [('closeness', [6, 8, 5, 9, 4, 3, 2, 5, 3, 5, 5, 4, 6, 3, 7, 2, 7, 5, 4, 5, 2, 9, 5, 5, 6, 3, 3, 2, 8, 8, 9], [25, 27, 19, 26, 19, 16, 15, 20, 16, 21, 23, 20, 24, 18, 26, 15, 23, 21, 20, 24, 15, 28, 22, 19, 24, 19, 18, 15, 29, 30, 29]), ('betweenness', [3, 3, 2, 5, 5, 3, 6, 7, 3, 3, 8, 2, 7, 5, 4, 4, 7, 2, 4, 3, 9, 4, 3, 2, 5, 10, 5, 3, 4, 12, 6], [16, 18, 15, 22, 20, 19, 20, 23, 17, 17, 25, 15, 25, 21, 20, 19, 25, 15, 19, 19, 25, 22, 16, 15, 19, 28, 24, 19, 19, 30, 25]), ('indegree', [7, 6, 4, 3, 3, 6, 11, 5, 2, 6, 7, 9, 5, 6, 4, 5, 4, 10, 9, 7, 5, 3, 10, 10, 5, 3, 8, 3, 6, 3, 3], [25, 24, 23, 18, 18, 22, 29, 23, 15, 24, 25, 28, 21, 23, 18, 20, 22, 30, 27, 25, 21, 17, 27, 26, 20, 16, 25, 18, 20, 16, 17]), ('outdegree', [7, 10, 10, 6, 11, 5, 5, 2, 5, 9, 8, 9, 2, 2, 2, 4, 6, 8, 5, 3, 2, 3, 10, 4, 7, 8, 4, 3, 7, 6, 4], [27, 28, 29, 27, 33, 22, 22, 15, 26, 28, 25, 28, 15, 15, 15, 19, 22, 24, 18, 20, 15, 17, 28, 19, 23, 29, 21, 18, 25, 25, 20]), ('degree', [9, 4, 3, 6, 5, 11, 8, 7, 6, 2, 2, 3, 5, 8, 5, 2, 6, 4, 7, 11, 2, 10, 3, 6, 3, 2, 6, 8, 5, 6, 7], [31, 20, 18, 19, 20, 29, 25, 24, 24, 15, 15, 17, 19, 27, 19, 15, 23, 20, 26, 26, 15, 26, 17, 24, 18, 15, 25, 26, 22, 29, 25])])

