2020-12-08 23:20:28.769172201010IGRAPH UN-- 154 768 --
+ attr: name (v)
+ edges (vertex names):
  0 --
  1 --
  2 -- 38, 81, 82, 89, 102, 127, 131, 142, 151, 165
  4 --
  5 --
  6 --
  7 -- 10, 36, 38, 49, 51, 53, 54, 59, 61, 66, 80, 84, 94, 100, 102, 106, 117,
120, 127, 131, 132, 135, 140, 151, 155, 165
  8 --
 10 -- 7, 13, 16, 34, 36, 44, 46, 51, 77, 79, 82, 85, 89, 96, 109, 117, 120,
132, 134, 147, 149, 152, 153, 155, 160, 162
 11 --
 12 -- 34, 36, 40, 51, 53, 59, 66, 73, 82, 84, 89, 94, 102, 116, 117, 126, 128
 13 -- 10, 16, 17, 36, 51, 60, 61, 79, 117, 128, 132, 140, 147, 162
 14 -- 34, 116
 15 -- 38, 94
 16 -- 10, 13, 18, 31, 35, 36, 38, 40, 53, 54, 61, 63, 65, 77, 79, 80, 84, 88,
89, 96, 104, 109, 128, 129, 132, 135, 140, 145, 147, 155, 157, 160, 165
 17 -- 13, 40, 82, 89, 109, 128, 153, 162
 18 -- 16, 29, 31, 61, 76, 84, 96, 111, 122, 131, 132, 134, 135, 136, 140,
143, 145, 151, 165
 19 --
 21 -- 44, 46, 51, 54, 77, 79, 104
 24 --
 26 -- 46, 68, 79, 81, 85, 120, 125, 155
 27 -- 38, 57
 28 --
 29 -- 18, 32, 34, 44, 60, 64, 72, 89, 96, 111, 116, 118, 128, 131, 132, 134,
135, 160, 161
 30 --
 31 -- 16, 18, 36, 49, 56, 61, 71, 81, 87, 96, 111, 140
 32 -- 29, 44, 68, 76, 89, 118, 120, 134, 135, 151, 152, 161
 33 --
 34 -- 10, 12, 14, 29, 40, 63, 64, 73, 82, 89, 116, 118, 123, 126, 128, 142,
151, 153, 160
 35 -- 16, 36, 44, 46, 51, 54, 59, 61, 79, 82, 84, 85, 89, 101, 102, 106, 117,
120, 129, 131, 132, 135, 140, 147, 154, 155, 162, 165
 36 -- 7, 10, 12, 13, 16, 31, 35, 46, 51, 56, 63, 64, 79, 82, 84, 97, 102,
117, 118, 132, 147, 153, 162
 37 --
 38 -- 2, 7, 15, 16, 27, 48, 51, 55, 60, 61, 68, 80, 81, 82, 84, 85, 94, 96,
102, 111, 115, 120, 127, 131, 132, 135, 139, 149, 151, 154, 155, 156, 165
 39 --
 40 -- 12, 16, 17, 34, 73, 89, 109, 162
 41 -- 129
 42 --
 43 -- 57, 106, 165
 44 -- 10, 21, 29, 32, 35, 68, 76, 81, 93, 100, 102, 106, 116, 120, 125, 134,
146, 151, 152
 46 -- 10, 21, 26, 35, 36, 56, 64, 68, 71, 77, 81, 84, 97, 111, 116, 120, 125,
135, 147, 149, 151, 155
 47 --
 48 -- 38
 49 -- 7, 31, 55, 57, 61, 80, 94, 102, 131, 151, 165
 51 -- 7, 10, 12, 13, 21, 35, 36, 38, 56, 62, 63, 71, 79, 82, 84, 93, 97, 101,
102, 104, 111, 116, 117, 127, 131, 147, 154
 52 --
 53 -- 7, 12, 16, 54, 57, 59, 61, 66, 80, 102, 104, 106, 116, 127, 131, 140,
165
 54 -- 7, 16, 21, 35, 53, 57, 59, 60, 61, 82, 84, 97, 101, 102, 106, 127, 165
 55 -- 38, 49, 57, 61, 71, 80, 97, 102, 131, 151, 165
 56 -- 31, 36, 46, 51, 64, 71, 96, 97, 111, 116, 125, 129
 57 -- 27, 43, 49, 53, 54, 55, 59, 66, 71, 80, 82, 102, 140, 165
 58 --
 59 -- 7, 12, 35, 53, 54, 57, 64, 66, 81, 82, 84, 96, 101, 102, 104, 127, 131,
155
 60 -- 13, 29, 38, 54, 63, 77, 94, 97, 112, 134
 61 -- 7, 13, 16, 18, 31, 35, 38, 49, 53, 54, 55, 63, 72, 79, 84, 87, 101,
102, 106, 111, 116, 127, 132, 135, 140, 145, 147, 151, 160
 62 -- 51, 97, 112, 117, 127
 63 -- 16, 34, 36, 51, 60, 61, 64, 72, 81, 87, 93, 96, 97, 107, 109, 116, 117,
118, 124, 132, 153
 64 -- 29, 34, 36, 46, 56, 59, 63, 71, 89, 90, 118, 125, 126, 128, 153, 157
 65 -- 16, 88, 129
 66 -- 7, 12, 53, 57, 59, 71, 84, 97, 127
 67 --
 68 -- 26, 32, 38, 44, 46, 76, 85, 89, 100, 118, 120, 132, 134, 135, 142, 147,
151, 152, 155, 165
 69 --
 70 --
 71 -- 31, 46, 51, 55, 56, 57, 64, 66, 97, 111, 125
 72 -- 29, 61, 63, 87, 106, 111, 132, 135, 136, 165
 73 -- 12, 34, 40, 82, 89, 124, 126
 75 --
 76 -- 18, 32, 44, 68, 89, 90, 118, 122, 134, 135, 146, 151, 152, 161
 77 -- 10, 16, 21, 46, 60, 79, 84, 85, 96, 97, 112, 117, 120, 129, 134, 147
 78 --
 79 -- 10, 13, 16, 21, 26, 35, 36, 51, 61, 77, 97, 109, 112, 117, 132, 140,
147, 159, 162
 80 -- 7, 16, 38, 49, 53, 55, 57, 84, 94, 96, 102, 127
 81 -- 2, 26, 31, 38, 44, 46, 59, 63, 96, 97, 104, 112, 116, 125
 82 -- 2, 10, 12, 17, 34, 35, 36, 38, 51, 54, 57, 59, 73, 84, 89, 101, 102,
115, 117, 126, 128, 129, 155, 160
 83 -- 91, 93, 111, 135, 165
 84 -- 7, 12, 16, 18, 35, 36, 38, 46, 51, 54, 59, 61, 66, 77, 80, 82, 85, 94,
102, 106, 117, 120, 127, 129, 135, 140, 147, 151, 155, 162, 165
 85 -- 10, 26, 35, 38, 68, 77, 84, 100, 117, 120, 129, 135, 147, 155, 162
 87 -- 31, 61, 63, 72, 109, 124, 132, 153
 88 -- 16, 65, 129
 89 -- 2, 10, 12, 16, 17, 29, 32, 34, 35, 40, 64, 68, 73, 76, 82, 96, 109,
118, 126, 128, 134, 136, 140, 142, 147, 151, 152, 153, 160, 161, 162, 163, 165
 90 -- 64, 76, 93, 118
 91 -- 83, 164, 165
 93 -- 44, 51, 63, 83, 90, 102, 107, 116, 118, 122, 134
 94 -- 7, 12, 15, 38, 49, 60, 80, 84, 102, 127
 95 --
 96 -- 10, 16, 18, 29, 31, 38, 56, 59, 63, 77, 80, 81, 89, 104, 111, 116, 132,
134, 165
 97 -- 36, 46, 51, 54, 55, 56, 60, 62, 63, 66, 71, 77, 79, 81, 104, 111, 112,
117
 98 --
 99 --
100 -- 7, 44, 68, 85, 120, 155
101 -- 35, 51, 54, 59, 61, 82, 102, 106, 117, 131, 135, 140, 154, 165
102 -- 2, 7, 12, 35, 36, 38, 44, 49, 51, 53, 54, 55, 57, 59, 61, 80, 82, 84,
93, 94, 101, 106, 117, 127, 132, 140, 151, 153, 165
103 --
104 -- 16, 21, 51, 53, 59, 81, 96, 97
105 --
106 -- 7, 35, 43, 44, 53, 54, 61, 72, 84, 101, 102, 127, 132, 135, 140, 160,
165
107 -- 63, 93
108 --
109 -- 10, 16, 17, 40, 63, 79, 87, 89, 128, 147, 162
111 -- 18, 29, 31, 38, 46, 51, 56, 61, 71, 72, 83, 96, 97, 122, 125, 132, 135,
136, 141, 165
112 -- 60, 62, 77, 79, 81, 97, 117
113 --
114 -- 135
115 -- 38, 82, 131
116 -- 12, 14, 29, 34, 44, 46, 51, 53, 56, 61, 63, 81, 93, 96, 118, 120, 123,
125, 141, 142
117 -- 7, 10, 12, 13, 35, 36, 51, 62, 63, 77, 79, 82, 84, 85, 97, 101, 102,
112, 120, 127, 131, 147, 155, 162
118 -- 29, 32, 34, 36, 63, 64, 68, 76, 89, 90, 93, 116, 125, 128, 134
119 --
120 -- 7, 10, 26, 32, 35, 38, 44, 46, 68, 77, 84, 85, 100, 116, 117, 147, 149,
155
121 --
122 -- 18, 76, 93, 111, 134, 135, 165
123 -- 34, 116
124 -- 63, 73, 87, 140
125 -- 26, 44, 46, 56, 64, 71, 81, 111, 116, 118, 135, 151
126 -- 12, 34, 64, 73, 82, 89, 140, 153
127 -- 2, 7, 38, 51, 53, 54, 59, 61, 62, 66, 80, 84, 94, 102, 106, 117, 132,
140, 151, 165
128 -- 12, 13, 16, 17, 29, 34, 64, 82, 89, 109, 118, 151, 152, 153, 157, 162
129 -- 16, 35, 41, 56, 65, 77, 82, 84, 85, 88, 147, 155, 162
130 --
131 -- 2, 7, 18, 29, 35, 38, 49, 51, 53, 55, 59, 101, 115, 117, 132, 135, 140,
151, 154, 155, 165
132 -- 7, 10, 13, 16, 18, 29, 35, 36, 38, 61, 63, 68, 72, 79, 87, 96, 102,
106, 111, 127, 131, 135, 140, 145, 151, 152, 153, 154, 160, 165
133 --
134 -- 10, 18, 29, 32, 44, 60, 68, 76, 77, 89, 93, 96, 118, 122, 135, 147,
151, 152, 161
135 -- 7, 16, 18, 29, 32, 35, 38, 46, 61, 68, 72, 76, 83, 84, 85, 101, 106,
111, 114, 122, 125, 131, 132, 134, 136, 140, 142, 143, 147, 151, 152, 154,
160, 165
136 -- 18, 72, 89, 111, 135, 151
137 --
139 -- 38
140 -- 7, 13, 16, 18, 31, 35, 53, 57, 61, 79, 84, 89, 101, 102, 106, 124, 126,
127, 131, 132, 135, 143, 145, 151, 160, 162, 165
141 -- 111, 116
142 -- 2, 34, 68, 89, 116, 135, 151, 152, 165
143 -- 18, 135, 140, 165
144 --
145 -- 16, 18, 61, 132, 140
146 -- 44, 76
147 -- 10, 13, 16, 35, 36, 46, 51, 61, 68, 77, 79, 84, 85, 89, 109, 117, 120,
129, 134, 135, 152, 155, 159, 160, 162
148 -- 165
149 -- 10, 38, 46, 120, 157, 161
150 --
151 -- 2, 7, 18, 32, 34, 38, 44, 46, 49, 55, 61, 68, 76, 84, 89, 102, 125,
127, 128, 131, 132, 134, 135, 136, 140, 142, 152, 155, 161, 165
152 -- 10, 32, 44, 68, 76, 89, 128, 132, 134, 135, 142, 147, 151, 155
153 -- 10, 17, 34, 36, 63, 64, 87, 89, 102, 126, 128, 132
154 -- 35, 38, 51, 101, 131, 132, 135, 155
155 -- 7, 10, 16, 26, 35, 38, 46, 59, 68, 82, 84, 85, 100, 117, 120, 129, 131,
147, 151, 152, 154
156 -- 38
157 -- 16, 64, 128, 149, 161
158 --
159 -- 79, 147
160 -- 10, 16, 29, 34, 61, 82, 89, 106, 132, 135, 140, 147, 165
161 -- 29, 32, 76, 89, 134, 149, 151, 157
162 -- 10, 13, 17, 35, 36, 40, 79, 84, 85, 89, 109, 117, 128, 129, 140, 147
163 -- 89
164 -- 91
165 -- 2, 7, 16, 18, 35, 38, 43, 49, 53, 54, 55, 57, 68, 72, 83, 84, 89, 91,
96, 101, 102, 106, 111, 122, 127, 131, 132, 135, 140, 142, 143, 148, 151, 160
166 --IGRAPH UN-- 154 778 --
+ attr: name (v)
+ edges (vertex names):
  0 -- 31
  1 --
  2 -- 38, 81, 82, 89, 102, 127, 131, 142, 151, 165
  4 --
  5 --
  6 --
  7 -- 10, 36, 38, 49, 51, 53, 54, 59, 61, 66, 80, 84, 94, 100, 102, 106, 117,
120, 127, 131, 132, 135, 140, 151, 155, 165
  8 -- 41
 10 -- 7, 13, 16, 34, 36, 44, 46, 51, 77, 79, 82, 85, 89, 96, 109, 117, 120,
132, 134, 147, 149, 152, 153, 155, 160, 162
 11 --
 12 -- 34, 36, 40, 51, 53, 59, 66, 73, 82, 84, 89, 94, 102, 116, 117, 126, 128
 13 -- 10, 16, 17, 36, 51, 60, 61, 79, 117, 128, 132, 140, 147, 162
 14 -- 34, 116
 15 -- 29, 38, 94
 16 -- 10, 13, 18, 31, 35, 36, 38, 40, 53, 54, 61, 63, 65, 77, 79, 80, 84, 88,
89, 96, 104, 109, 128, 129, 132, 135, 140, 145, 147, 155, 157, 160, 165
 17 -- 13, 37, 40, 82, 89, 109, 128, 153, 162
 18 -- 16, 29, 31, 61, 76, 84, 96, 111, 122, 131, 132, 134, 135, 136, 140,
143, 145, 151, 165
 19 --
 21 -- 44, 46, 51, 54, 77, 79, 104
 24 --
 26 -- 46, 68, 79, 81, 85, 120, 125, 155
 27 -- 38, 57
 28 --
 29 -- 15, 18, 32, 34, 44, 60, 64, 72, 89, 96, 111, 116, 118, 128, 131, 132,
134, 135, 160, 161
 30 --
 31 -- 0, 16, 18, 36, 49, 56, 61, 71, 81, 87, 96, 111, 140
 32 -- 29, 44, 68, 76, 89, 118, 120, 134, 135, 151, 152, 161
 33 --
 34 -- 10, 12, 14, 29, 40, 63, 64, 73, 82, 89, 116, 118, 123, 126, 128, 142,
151, 153, 160
 35 -- 16, 36, 44, 46, 51, 54, 59, 61, 79, 82, 84, 85, 89, 101, 102, 106, 109,
117, 120, 129, 131, 132, 135, 140, 147, 154, 155, 162, 165
 36 -- 7, 10, 12, 13, 16, 31, 35, 46, 51, 56, 63, 64, 79, 82, 84, 97, 102,
117, 118, 132, 147, 153, 162
 37 -- 17
 38 -- 2, 7, 15, 16, 27, 48, 51, 55, 60, 61, 68, 80, 81, 82, 84, 85, 94, 96,
102, 111, 115, 120, 127, 131, 132, 135, 139, 149, 151, 154, 155, 156, 165
 39 --
 40 -- 12, 16, 17, 34, 73, 89, 109, 162
 41 -- 8, 129
 42 --
 43 -- 57, 106, 165
 44 -- 10, 21, 29, 32, 35, 68, 76, 81, 93, 100, 102, 106, 116, 120, 125, 134,
146, 151, 152
 46 -- 10, 21, 26, 35, 36, 56, 64, 68, 71, 77, 81, 84, 97, 111, 116, 120, 125,
135, 147, 149, 151, 155
 47 --
 48 -- 38
 49 -- 7, 31, 55, 57, 61, 80, 94, 102, 131, 151, 165
 51 -- 7, 10, 12, 13, 21, 35, 36, 38, 56, 62, 63, 71, 79, 82, 84, 93, 97, 101,
102, 104, 111, 116, 117, 127, 129, 131, 147, 154
 52 --
 53 -- 7, 12, 16, 54, 57, 59, 61, 66, 80, 102, 104, 106, 116, 127, 131, 140,
165
 54 -- 7, 16, 21, 35, 53, 57, 59, 60, 61, 82, 84, 97, 101, 102, 106, 127, 165
 55 -- 38, 49, 57, 61, 71, 80, 97, 102, 131, 151, 165
 56 -- 31, 36, 46, 51, 64, 71, 96, 97, 111, 116, 125, 129
 57 -- 27, 43, 49, 53, 54, 55, 59, 66, 71, 80, 82, 102, 140, 165
 58 --
 59 -- 7, 12, 35, 53, 54, 57, 64, 66, 81, 82, 84, 96, 101, 102, 104, 127, 131,
155
 60 -- 13, 29, 38, 54, 63, 77, 94, 97, 112, 134
 61 -- 7, 13, 16, 18, 31, 35, 38, 49, 53, 54, 55, 63, 72, 79, 84, 87, 101,
102, 106, 111, 116, 127, 132, 135, 140, 145, 147, 151, 160
 62 -- 51, 97, 112, 117, 127
 63 -- 16, 34, 36, 51, 60, 61, 64, 72, 81, 87, 93, 96, 97, 107, 109, 116, 117,
118, 124, 132, 153
 64 -- 29, 34, 36, 46, 56, 59, 63, 71, 89, 90, 118, 125, 126, 128, 153, 157
 65 -- 16, 88, 129
 66 -- 7, 12, 53, 57, 59, 71, 84, 97, 101, 127
 67 --
 68 -- 26, 32, 38, 44, 46, 76, 85, 89, 100, 118, 120, 132, 134, 135, 142, 147,
151, 152, 155, 165
 69 --
 70 --
 71 -- 31, 46, 51, 55, 56, 57, 64, 66, 97, 111, 125
 72 -- 29, 61, 63, 87, 106, 111, 132, 135, 136, 165
 73 -- 12, 34, 40, 82, 89, 124, 126
 75 --
 76 -- 18, 32, 44, 68, 89, 90, 118, 122, 134, 135, 146, 151, 152, 161, 166
 77 -- 10, 16, 21, 46, 60, 79, 84, 85, 96, 97, 112, 117, 120, 129, 134, 147
 78 --
 79 -- 10, 13, 16, 21, 26, 35, 36, 51, 61, 77, 97, 109, 112, 117, 132, 140,
147, 159, 162
 80 -- 7, 16, 38, 49, 53, 55, 57, 84, 94, 96, 102, 127
 81 -- 2, 26, 31, 38, 44, 46, 59, 63, 96, 97, 104, 112, 116, 125
 82 -- 2, 10, 12, 17, 34, 35, 36, 38, 51, 54, 57, 59, 73, 84, 89, 101, 102,
115, 117, 126, 128, 129, 155, 160
 83 -- 91, 93, 111, 135, 165
 84 -- 7, 12, 16, 18, 35, 36, 38, 46, 51, 54, 59, 61, 66, 77, 80, 82, 85, 94,
102, 106, 117, 120, 127, 129, 135, 140, 147, 151, 155, 162, 165
 85 -- 10, 26, 35, 38, 68, 77, 84, 100, 117, 120, 129, 135, 147, 155, 162
 87 -- 31, 61, 63, 72, 109, 124, 132, 153
 88 -- 16, 65, 129
 89 -- 2, 10, 12, 16, 17, 29, 32, 34, 35, 40, 64, 68, 73, 76, 82, 96, 109,
118, 126, 128, 134, 136, 140, 142, 147, 151, 152, 153, 160, 161, 162, 163, 165
 90 -- 64, 76, 93, 118
 91 -- 83, 118, 164, 165
 93 -- 44, 51, 63, 83, 90, 102, 107, 116, 118, 122, 134
 94 -- 7, 12, 15, 38, 49, 60, 80, 84, 102, 127
 95 --
 96 -- 10, 16, 18, 29, 31, 38, 56, 59, 63, 77, 80, 81, 89, 104, 111, 116, 132,
134, 165
 97 -- 36, 46, 51, 54, 55, 56, 60, 62, 63, 66, 71, 77, 79, 81, 104, 111, 112,
117
 98 --
 99 --
100 -- 7, 44, 68, 85, 120, 155
101 -- 35, 51, 54, 59, 61, 66, 82, 102, 106, 117, 131, 135, 140, 154, 165
102 -- 2, 7, 12, 35, 36, 38, 44, 49, 51, 53, 54, 55, 57, 59, 61, 80, 82, 84,
93, 94, 101, 106, 117, 127, 132, 140, 151, 153, 165
103 --
104 -- 16, 21, 51, 53, 59, 81, 96, 97
105 --
106 -- 7, 35, 43, 44, 53, 54, 61, 72, 84, 101, 102, 127, 132, 135, 140, 160,
165
107 -- 63, 93
108 --
109 -- 10, 16, 17, 35, 40, 63, 79, 87, 89, 128, 147, 162
111 -- 18, 29, 31, 38, 46, 51, 56, 61, 71, 72, 83, 96, 97, 122, 125, 132, 135,
136, 141, 165
112 -- 60, 62, 77, 79, 81, 97, 117
113 --
114 -- 135
115 -- 38, 82, 131
116 -- 12, 14, 29, 34, 44, 46, 51, 53, 56, 61, 63, 81, 93, 96, 118, 120, 123,
125, 141, 142
117 -- 7, 10, 12, 13, 35, 36, 51, 62, 63, 77, 79, 82, 84, 85, 97, 101, 102,
112, 120, 127, 131, 147, 155, 162
118 -- 29, 32, 34, 36, 63, 64, 68, 76, 89, 90, 91, 93, 116, 125, 128, 134
119 --
120 -- 7, 10, 26, 32, 35, 38, 44, 46, 68, 77, 84, 85, 100, 116, 117, 147, 149,
155
121 --
122 -- 18, 76, 93, 111, 134, 135, 165
123 -- 34, 116
124 -- 63, 73, 87, 140
125 -- 26, 44, 46, 56, 64, 71, 81, 111, 116, 118, 135, 151
126 -- 12, 34, 64, 73, 82, 89, 140, 150, 153
127 -- 2, 7, 38, 51, 53, 54, 59, 61, 62, 66, 80, 84, 94, 102, 106, 117, 132,
140, 151, 165
128 -- 12, 13, 16, 17, 29, 34, 64, 82, 89, 109, 118, 151, 152, 153, 157, 162
129 -- 16, 35, 41, 51, 56, 65, 77, 82, 84, 85, 88, 147, 155, 162
130 --
131 -- 2, 7, 18, 29, 35, 38, 49, 51, 53, 55, 59, 101, 115, 117, 132, 135, 140,
151, 154, 155, 165
132 -- 7, 10, 13, 16, 18, 29, 35, 36, 38, 61, 63, 68, 72, 79, 87, 96, 102,
106, 111, 127, 131, 135, 140, 145, 151, 152, 153, 154, 160, 165
133 --
134 -- 10, 18, 29, 32, 44, 60, 68, 76, 77, 89, 93, 96, 118, 122, 135, 147,
151, 152, 161
135 -- 7, 16, 18, 29, 32, 35, 38, 46, 61, 68, 72, 76, 83, 84, 85, 101, 106,
111, 114, 122, 125, 131, 132, 134, 136, 140, 142, 143, 147, 151, 152, 154,
160, 165
136 -- 18, 72, 89, 111, 135, 151
137 --
139 -- 38
140 -- 7, 13, 16, 18, 31, 35, 53, 57, 61, 79, 84, 89, 101, 102, 106, 124, 126,
127, 131, 132, 135, 143, 145, 151, 160, 162, 165
141 -- 111, 116
142 -- 2, 34, 68, 89, 116, 135, 151, 152, 165
143 -- 18, 135, 140, 165
144 --
145 -- 16, 18, 61, 132, 140
146 -- 44, 76
147 -- 10, 13, 16, 35, 36, 46, 51, 61, 68, 77, 79, 84, 85, 89, 109, 117, 120,
129, 134, 135, 152, 155, 159, 160, 162
148 -- 165
149 -- 10, 38, 46, 120, 157, 161
150 -- 126
151 -- 2, 7, 18, 32, 34, 38, 44, 46, 49, 55, 61, 68, 76, 84, 89, 102, 125,
127, 128, 131, 132, 134, 135, 136, 140, 142, 152, 155, 161, 165
152 -- 10, 32, 44, 68, 76, 89, 128, 132, 134, 135, 142, 147, 151, 155
153 -- 10, 17, 34, 36, 63, 64, 87, 89, 102, 126, 128, 132
154 -- 35, 38, 51, 101, 131, 132, 135, 155
155 -- 7, 10, 16, 26, 35, 38, 46, 59, 68, 82, 84, 85, 100, 117, 120, 129, 131,
147, 151, 152, 154
156 -- 38
157 -- 16, 64, 128, 149, 161
158 --
159 -- 79, 147
160 -- 10, 16, 29, 34, 61, 82, 89, 106, 132, 135, 140, 147, 165
161 -- 29, 32, 76, 89, 134, 149, 151, 157
162 -- 10, 13, 17, 35, 36, 40, 79, 84, 85, 89, 109, 117, 128, 129, 140, 147
163 -- 89
164 -- 91
165 -- 2, 7, 16, 18, 35, 38, 43, 49, 53, 54, 55, 57, 68, 72, 83, 84, 89, 91,
96, 101, 102, 106, 111, 122, 127, 131, 132, 135, 140, 142, 143, 148, 151, 160
166 -- 76IGRAPH UN-- 154 778 --
+ attr: name (v)
+ edges (vertex names):
  0 --
  1 --
  2 -- 38, 81, 82, 89, 102, 127, 131, 134, 142, 151, 165
  4 --
  5 --
  6 --
  7 -- 10, 36, 38, 49, 51, 53, 54, 59, 61, 66, 80, 84, 94, 100, 102, 106, 117,
120, 127, 131, 132, 135, 140, 151, 155, 165
  8 --
 10 -- 7, 13, 16, 28, 34, 36, 44, 46, 51, 77, 79, 82, 85, 89, 96, 109, 117,
120, 132, 134, 147, 149, 152, 153, 155, 160, 162
 11 -- 99
 12 -- 34, 36, 40, 51, 53, 59, 66, 73, 82, 84, 89, 94, 102, 116, 117, 126, 128
 13 -- 10, 16, 17, 36, 51, 60, 61, 79, 117, 128, 132, 140, 147, 162
 14 -- 34, 116
 15 -- 38, 94
 16 -- 10, 13, 18, 31, 35, 36, 38, 40, 53, 54, 61, 63, 65, 77, 79, 80, 84, 88,
89, 96, 104, 109, 128, 129, 132, 135, 140, 145, 147, 155, 157, 160, 165
 17 -- 13, 40, 82, 89, 109, 128, 153, 162
 18 -- 16, 29, 31, 61, 76, 84, 96, 111, 122, 126, 131, 132, 134, 135, 136,
140, 143, 145, 151, 165
 19 --
 21 -- 44, 46, 51, 54, 77, 79, 104
 24 --
 26 -- 46, 68, 79, 81, 85, 120, 125, 155
 27 -- 38, 57
 28 -- 10
 29 -- 18, 32, 34, 44, 60, 64, 72, 89, 96, 111, 116, 118, 128, 131, 132, 134,
135, 160, 161
 30 --
 31 -- 16, 18, 36, 49, 56, 61, 71, 81, 87, 96, 111, 140
 32 -- 29, 44, 68, 76, 89, 118, 120, 134, 135, 151, 152, 161
 33 -- 57
 34 -- 10, 12, 14, 29, 40, 63, 64, 73, 82, 89, 116, 118, 123, 126, 128, 142,
151, 153, 160
 35 -- 16, 36, 44, 46, 51, 54, 59, 61, 79, 82, 84, 85, 89, 101, 102, 106, 117,
120, 129, 131, 132, 135, 140, 147, 154, 155, 162, 165
 36 -- 7, 10, 12, 13, 16, 31, 35, 46, 51, 56, 63, 64, 79, 82, 84, 97, 102,
117, 118, 132, 147, 153, 162
 37 --
 38 -- 2, 7, 15, 16, 27, 48, 51, 55, 60, 61, 68, 80, 81, 82, 84, 85, 94, 96,
102, 111, 115, 120, 127, 131, 132, 135, 139, 149, 151, 154, 155, 156, 165
 39 --
 40 -- 12, 16, 17, 34, 73, 89, 109, 162
 41 -- 129
 42 --
 43 -- 57, 106, 163, 165
 44 -- 10, 21, 29, 32, 35, 68, 76, 81, 93, 100, 102, 106, 116, 120, 125, 134,
146, 151, 152
 46 -- 10, 21, 26, 35, 36, 56, 64, 68, 71, 77, 81, 84, 97, 111, 116, 120, 123,
125, 135, 147, 149, 151, 155
 47 --
 48 -- 38
 49 -- 7, 31, 55, 57, 61, 80, 94, 102, 131, 151, 165
 51 -- 7, 10, 12, 13, 21, 35, 36, 38, 56, 62, 63, 71, 79, 82, 84, 93, 97, 101,
102, 104, 111, 116, 117, 127, 131, 147, 154
 52 --
 53 -- 7, 12, 16, 54, 57, 59, 61, 66, 80, 102, 104, 106, 116, 127, 131, 140,
165
 54 -- 7, 16, 21, 35, 53, 57, 59, 60, 61, 82, 84, 97, 101, 102, 106, 127, 165
 55 -- 38, 49, 57, 61, 71, 80, 97, 102, 131, 151, 165
 56 -- 31, 36, 46, 51, 64, 71, 96, 97, 111, 116, 125, 129
 57 -- 27, 33, 43, 49, 53, 54, 55, 59, 66, 71, 80, 82, 102, 140, 165
 58 --
 59 -- 7, 12, 35, 53, 54, 57, 64, 66, 81, 82, 84, 96, 101, 102, 104, 127, 131,
155
 60 -- 13, 29, 38, 54, 63, 77, 94, 97, 112, 134, 148
 61 -- 7, 13, 16, 18, 31, 35, 38, 49, 53, 54, 55, 63, 72, 79, 84, 87, 101,
102, 106, 111, 116, 127, 132, 135, 140, 145, 147, 151, 160
 62 -- 51, 97, 112, 117, 127
 63 -- 16, 34, 36, 51, 60, 61, 64, 72, 81, 87, 93, 96, 97, 107, 109, 116, 117,
118, 124, 132, 153
 64 -- 29, 34, 36, 46, 56, 59, 63, 71, 89, 90, 118, 125, 126, 128, 153, 157
 65 -- 16, 88, 129
 66 -- 7, 12, 53, 57, 59, 71, 84, 97, 127
 67 --
 68 -- 26, 32, 38, 44, 46, 76, 85, 89, 100, 118, 120, 132, 134, 135, 142, 147,
151, 152, 155, 165
 69 --
 70 --
 71 -- 31, 46, 51, 55, 56, 57, 64, 66, 97, 111, 125
 72 -- 29, 61, 63, 87, 106, 111, 132, 135, 136, 165
 73 -- 12, 34, 40, 82, 89, 124, 126
 75 --
 76 -- 18, 32, 44, 68, 89, 90, 118, 122, 134, 135, 146, 151, 152, 161
 77 -- 10, 16, 21, 46, 60, 79, 84, 85, 96, 97, 112, 117, 120, 129, 134, 147
 78 --
 79 -- 10, 13, 16, 21, 26, 35, 36, 51, 61, 77, 97, 109, 112, 117, 132, 140,
147, 159, 162
 80 -- 7, 16, 38, 49, 53, 55, 57, 84, 94, 96, 102, 127
 81 -- 2, 26, 31, 38, 44, 46, 59, 63, 96, 97, 104, 112, 116, 125
 82 -- 2, 10, 12, 17, 34, 35, 36, 38, 51, 54, 57, 59, 73, 84, 89, 101, 102,
115, 117, 126, 128, 129, 155, 160
 83 -- 91, 93, 111, 135, 165
 84 -- 7, 12, 16, 18, 35, 36, 38, 46, 51, 54, 59, 61, 66, 77, 80, 82, 85, 94,
102, 106, 117, 120, 127, 129, 135, 140, 147, 151, 155, 162, 165
 85 -- 10, 26, 35, 38, 68, 77, 84, 100, 117, 120, 129, 135, 147, 155, 162
 87 -- 31, 61, 63, 72, 109, 124, 132, 153
 88 -- 16, 65, 129
 89 -- 2, 10, 12, 16, 17, 29, 32, 34, 35, 40, 64, 68, 73, 76, 82, 96, 109,
118, 126, 128, 134, 136, 140, 142, 147, 151, 152, 153, 160, 161, 162, 163, 165
 90 -- 64, 76, 93, 118
 91 -- 83, 164, 165
 93 -- 44, 51, 63, 83, 90, 102, 107, 116, 118, 122, 134
 94 -- 7, 12, 15, 38, 49, 60, 80, 84, 100, 102, 127
 95 --
 96 -- 10, 16, 18, 29, 31, 38, 56, 59, 63, 77, 80, 81, 89, 104, 111, 116, 132,
134, 165
 97 -- 36, 46, 51, 54, 55, 56, 60, 62, 63, 66, 71, 77, 79, 81, 104, 111, 112,
117
 98 --
 99 -- 11
100 -- 7, 44, 68, 85, 94, 120, 155
101 -- 35, 51, 54, 59, 61, 82, 102, 106, 117, 131, 135, 140, 154, 165
102 -- 2, 7, 12, 35, 36, 38, 44, 49, 51, 53, 54, 55, 57, 59, 61, 80, 82, 84,
93, 94, 101, 106, 117, 127, 132, 140, 151, 153, 165
103 --
104 -- 16, 21, 51, 53, 59, 81, 96, 97
105 --
106 -- 7, 35, 43, 44, 53, 54, 61, 72, 84, 101, 102, 127, 132, 135, 140, 160,
165
107 -- 63, 93
108 --
109 -- 10, 16, 17, 40, 63, 79, 87, 89, 128, 147, 162
111 -- 18, 29, 31, 38, 46, 51, 56, 61, 71, 72, 83, 96, 97, 122, 125, 132, 135,
136, 141, 165
112 -- 60, 62, 77, 79, 81, 97, 117, 159
113 --
114 -- 135
115 -- 38, 82, 131
116 -- 12, 14, 29, 34, 44, 46, 51, 53, 56, 61, 63, 81, 93, 96, 118, 120, 123,
125, 141, 142
117 -- 7, 10, 12, 13, 35, 36, 51, 62, 63, 77, 79, 82, 84, 85, 97, 101, 102,
112, 120, 127, 131, 147, 155, 162
118 -- 29, 32, 34, 36, 63, 64, 68, 76, 89, 90, 93, 116, 125, 128, 134
119 --
120 -- 7, 10, 26, 32, 35, 38, 44, 46, 68, 77, 84, 85, 100, 116, 117, 147, 149,
155
121 --
122 -- 18, 76, 93, 111, 134, 135, 165
123 -- 34, 46, 116
124 -- 63, 73, 87, 140
125 -- 26, 44, 46, 56, 64, 71, 81, 111, 116, 118, 135, 151
126 -- 12, 18, 34, 64, 73, 82, 89, 140, 153
127 -- 2, 7, 38, 51, 53, 54, 59, 61, 62, 66, 80, 84, 94, 102, 106, 117, 132,
140, 151, 165
128 -- 12, 13, 16, 17, 29, 34, 64, 82, 89, 109, 118, 151, 152, 153, 157, 162
129 -- 16, 35, 41, 56, 65, 77, 82, 84, 85, 88, 147, 155, 162
130 --
131 -- 2, 7, 18, 29, 35, 38, 49, 51, 53, 55, 59, 101, 115, 117, 132, 135, 140,
151, 154, 155, 165
132 -- 7, 10, 13, 16, 18, 29, 35, 36, 38, 61, 63, 68, 72, 79, 87, 96, 102,
106, 111, 127, 131, 135, 140, 145, 151, 152, 153, 154, 160, 165
133 --
134 -- 2, 10, 18, 29, 32, 44, 60, 68, 76, 77, 89, 93, 96, 118, 122, 135, 147,
151, 152, 161
135 -- 7, 16, 18, 29, 32, 35, 38, 46, 61, 68, 72, 76, 83, 84, 85, 101, 106,
111, 114, 122, 125, 131, 132, 134, 136, 140, 142, 143, 147, 151, 152, 154,
160, 165
136 -- 18, 72, 89, 111, 135, 151
137 --
139 -- 38
140 -- 7, 13, 16, 18, 31, 35, 53, 57, 61, 79, 84, 89, 101, 102, 106, 124, 126,
127, 131, 132, 135, 143, 145, 151, 160, 162, 165
141 -- 111, 116
142 -- 2, 34, 68, 89, 116, 135, 151, 152, 165
143 -- 18, 135, 140, 165
144 --
145 -- 16, 18, 61, 132, 140
146 -- 44, 76
147 -- 10, 13, 16, 35, 36, 46, 51, 61, 68, 77, 79, 84, 85, 89, 109, 117, 120,
129, 134, 135, 152, 155, 159, 160, 162
148 -- 60, 165
149 -- 10, 38, 46, 120, 157, 161
150 --
151 -- 2, 7, 18, 32, 34, 38, 44, 46, 49, 55, 61, 68, 76, 84, 89, 102, 125,
127, 128, 131, 132, 134, 135, 136, 140, 142, 152, 155, 161, 165
152 -- 10, 32, 44, 68, 76, 89, 128, 132, 134, 135, 142, 147, 151, 155
153 -- 10, 17, 34, 36, 63, 64, 87, 89, 102, 126, 128, 132
154 -- 35, 38, 51, 101, 131, 132, 135, 155
155 -- 7, 10, 16, 26, 35, 38, 46, 59, 68, 82, 84, 85, 100, 117, 120, 129, 131,
147, 151, 152, 154
156 -- 38
157 -- 16, 64, 128, 149, 161
158 --
159 -- 79, 112, 147
160 -- 10, 16, 29, 34, 61, 82, 89, 106, 132, 135, 140, 147, 165
161 -- 29, 32, 76, 89, 134, 149, 151, 157
162 -- 10, 13, 17, 35, 36, 40, 79, 84, 85, 89, 109, 117, 128, 129, 140, 147
163 -- 43, 89
164 -- 91
165 -- 2, 7, 16, 18, 35, 38, 43, 49, 53, 54, 55, 57, 68, 72, 83, 84, 89, 91,
96, 101, 102, 106, 111, 122, 127, 131, 132, 135, 140, 142, 143, 148, 151, 160
166 --IGRAPH DN-- 154 1536 --
+ attr: betweenness (v), closeness (v), degree (v), indegree (v), name (v),
  outdegree (v), weights (e)
+ edges (vertex names):
  0 ->
  1 ->
  2 -> 38, 81, 82, 89, 102, 127, 131, 142, 151, 165
  4 ->
  5 ->
  6 ->
  7 -> 10, 36, 38, 49, 51, 53, 54, 59, 61, 66, 80, 84, 94, 100, 102, 106, 117,
120, 127, 131, 132, 135, 140, 151, 155, 165
  8 ->
 10 -> 7, 13, 16, 34, 36, 44, 46, 51, 77, 79, 82, 85, 89, 96, 109, 117, 120,
132, 134, 147, 149, 152, 153, 155, 160, 162
 11 ->
 12 -> 34, 36, 40, 51, 53, 59, 66, 73, 82, 84, 89, 94, 102, 116, 117, 126, 128
 13 -> 10, 16, 17, 36, 51, 60, 61, 79, 117, 128, 132, 140, 147, 162
 14 -> 34, 116
 15 -> 38, 94
 16 -> 10, 13, 18, 31, 35, 36, 38, 40, 53, 54, 61, 63, 65, 77, 79, 80, 84, 88,
89, 96, 104, 109, 128, 129, 132, 135, 140, 145, 147, 155, 157, 160, 165
 17 -> 13, 40, 82, 89, 109, 128, 153, 162
 18 -> 16, 29, 31, 61, 76, 84, 96, 111, 122, 131, 132, 134, 135, 136, 140,
143, 145, 151, 165
 19 ->
 21 -> 44, 46, 51, 54, 77, 79, 104
 24 ->
 26 -> 46, 68, 79, 81, 85, 120, 125, 155
 27 -> 38, 57
 28 ->
 29 -> 18, 32, 34, 44, 60, 64, 72, 89, 96, 111, 116, 118, 128, 131, 132, 134,
135, 160, 161
 30 ->
 31 -> 16, 18, 36, 49, 56, 61, 71, 81, 87, 96, 111, 140
 32 -> 29, 44, 68, 76, 89, 118, 120, 134, 135, 151, 152, 161
 33 ->
 34 -> 10, 12, 14, 29, 40, 63, 64, 73, 82, 89, 116, 118, 123, 126, 128, 142,
151, 153, 160
 35 -> 16, 36, 44, 46, 51, 54, 59, 61, 79, 82, 84, 85, 89, 101, 102, 106, 117,
120, 129, 131, 132, 135, 140, 147, 154, 155, 162, 165
 36 -> 7, 10, 12, 13, 16, 31, 35, 46, 51, 56, 63, 64, 79, 82, 84, 97, 102,
117, 118, 132, 147, 153, 162
 37 ->
 38 -> 2, 7, 15, 16, 27, 48, 51, 55, 60, 61, 68, 80, 81, 82, 84, 85, 94, 96,
102, 111, 115, 120, 127, 131, 132, 135, 139, 149, 151, 154, 155, 156, 165
 39 ->
 40 -> 12, 16, 17, 34, 73, 89, 109, 162
 41 -> 129
 42 ->
 43 -> 57, 106, 165
 44 -> 10, 21, 29, 32, 35, 68, 76, 81, 93, 100, 102, 106, 116, 120, 125, 134,
146, 151, 152
 46 -> 10, 21, 26, 35, 36, 56, 64, 68, 71, 77, 81, 84, 97, 111, 116, 120, 125,
135, 147, 149, 151, 155
 47 ->
 48 -> 38
 49 -> 7, 31, 55, 57, 61, 80, 94, 102, 131, 151, 165
 51 -> 7, 10, 12, 13, 21, 35, 36, 38, 56, 62, 63, 71, 79, 82, 84, 93, 97, 101,
102, 104, 111, 116, 117, 127, 131, 147, 154
 52 ->
 53 -> 7, 12, 16, 54, 57, 59, 61, 66, 80, 102, 104, 106, 116, 127, 131, 140,
165
 54 -> 7, 16, 21, 35, 53, 57, 59, 60, 61, 82, 84, 97, 101, 102, 106, 127, 165
 55 -> 38, 49, 57, 61, 71, 80, 97, 102, 131, 151, 165
 56 -> 31, 36, 46, 51, 64, 71, 96, 97, 111, 116, 125, 129
 57 -> 27, 43, 49, 53, 54, 55, 59, 66, 71, 80, 82, 102, 140, 165
 58 ->
 59 -> 7, 12, 35, 53, 54, 57, 64, 66, 81, 82, 84, 96, 101, 102, 104, 127, 131,
155
 60 -> 13, 29, 38, 54, 63, 77, 94, 97, 112, 134
 61 -> 7, 13, 16, 18, 31, 35, 38, 49, 53, 54, 55, 63, 72, 79, 84, 87, 101,
102, 106, 111, 116, 127, 132, 135, 140, 145, 147, 151, 160
 62 -> 51, 97, 112, 117, 127
 63 -> 16, 34, 36, 51, 60, 61, 64, 72, 81, 87, 93, 96, 97, 107, 109, 116, 117,
118, 124, 132, 153
 64 -> 29, 34, 36, 46, 56, 59, 63, 71, 89, 90, 118, 125, 126, 128, 153, 157
 65 -> 16, 88, 129
 66 -> 7, 12, 53, 57, 59, 71, 84, 97, 127
 67 ->
 68 -> 26, 32, 38, 44, 46, 76, 85, 89, 100, 118, 120, 132, 134, 135, 142, 147,
151, 152, 155, 165
 69 ->
 70 ->
 71 -> 31, 46, 51, 55, 56, 57, 64, 66, 97, 111, 125
 72 -> 29, 61, 63, 87, 106, 111, 132, 135, 136, 165
 73 -> 12, 34, 40, 82, 89, 124, 126
 75 ->
 76 -> 18, 32, 44, 68, 89, 90, 118, 122, 134, 135, 146, 151, 152, 161
 77 -> 10, 16, 21, 46, 60, 79, 84, 85, 96, 97, 112, 117, 120, 129, 134, 147
 78 ->
 79 -> 10, 13, 16, 21, 26, 35, 36, 51, 61, 77, 97, 109, 112, 117, 132, 140,
147, 159, 162
 80 -> 7, 16, 38, 49, 53, 55, 57, 84, 94, 96, 102, 127
 81 -> 2, 26, 31, 38, 44, 46, 59, 63, 96, 97, 104, 112, 116, 125
 82 -> 2, 10, 12, 17, 34, 35, 36, 38, 51, 54, 57, 59, 73, 84, 89, 101, 102,
115, 117, 126, 128, 129, 155, 160
 83 -> 91, 93, 111, 135, 165
 84 -> 7, 12, 16, 18, 35, 36, 38, 46, 51, 54, 59, 61, 66, 77, 80, 82, 85, 94,
102, 106, 117, 120, 127, 129, 135, 140, 147, 151, 155, 162, 165
 85 -> 10, 26, 35, 38, 68, 77, 84, 100, 117, 120, 129, 135, 147, 155, 162
 87 -> 31, 61, 63, 72, 109, 124, 132, 153
 88 -> 16, 65, 129
 89 -> 2, 10, 12, 16, 17, 29, 32, 34, 35, 40, 64, 68, 73, 76, 82, 96, 109,
118, 126, 128, 134, 136, 140, 142, 147, 151, 152, 153, 160, 161, 162, 163, 165
 90 -> 64, 76, 93, 118
 91 -> 83, 164, 165
 93 -> 44, 51, 63, 83, 90, 102, 107, 116, 118, 122, 134
 94 -> 7, 12, 15, 38, 49, 60, 80, 84, 102, 127
 95 ->
 96 -> 10, 16, 18, 29, 31, 38, 56, 59, 63, 77, 80, 81, 89, 104, 111, 116, 132,
134, 165
 97 -> 36, 46, 51, 54, 55, 56, 60, 62, 63, 66, 71, 77, 79, 81, 104, 111, 112,
117
 98 ->
 99 ->
100 -> 7, 44, 68, 85, 120, 155
101 -> 35, 51, 54, 59, 61, 82, 102, 106, 117, 131, 135, 140, 154, 165
102 -> 2, 7, 12, 35, 36, 38, 44, 49, 51, 53, 54, 55, 57, 59, 61, 80, 82, 84,
93, 94, 101, 106, 117, 127, 132, 140, 151, 153, 165
103 ->
104 -> 16, 21, 51, 53, 59, 81, 96, 97
105 ->
106 -> 7, 35, 43, 44, 53, 54, 61, 72, 84, 101, 102, 127, 132, 135, 140, 160,
165
107 -> 63, 93
108 ->
109 -> 10, 16, 17, 40, 63, 79, 87, 89, 128, 147, 162
111 -> 18, 29, 31, 38, 46, 51, 56, 61, 71, 72, 83, 96, 97, 122, 125, 132, 135,
136, 141, 165
112 -> 60, 62, 77, 79, 81, 97, 117
113 ->
114 -> 135
115 -> 38, 82, 131
116 -> 12, 14, 29, 34, 44, 46, 51, 53, 56, 61, 63, 81, 93, 96, 118, 120, 123,
125, 141, 142
117 -> 7, 10, 12, 13, 35, 36, 51, 62, 63, 77, 79, 82, 84, 85, 97, 101, 102,
112, 120, 127, 131, 147, 155, 162
118 -> 29, 32, 34, 36, 63, 64, 68, 76, 89, 90, 93, 116, 125, 128, 134
119 ->
120 -> 7, 10, 26, 32, 35, 38, 44, 46, 68, 77, 84, 85, 100, 116, 117, 147, 149,
155
121 ->
122 -> 18, 76, 93, 111, 134, 135, 165
123 -> 34, 116
124 -> 63, 73, 87, 140
125 -> 26, 44, 46, 56, 64, 71, 81, 111, 116, 118, 135, 151
126 -> 12, 34, 64, 73, 82, 89, 140, 153
127 -> 2, 7, 38, 51, 53, 54, 59, 61, 62, 66, 80, 84, 94, 102, 106, 117, 132,
140, 151, 165
128 -> 12, 13, 16, 17, 29, 34, 64, 82, 89, 109, 118, 151, 152, 153, 157, 162
129 -> 16, 35, 41, 56, 65, 77, 82, 84, 85, 88, 147, 155, 162
130 ->
131 -> 2, 7, 18, 29, 35, 38, 49, 51, 53, 55, 59, 101, 115, 117, 132, 135, 140,
151, 154, 155, 165
132 -> 7, 10, 13, 16, 18, 29, 35, 36, 38, 61, 63, 68, 72, 79, 87, 96, 102,
106, 111, 127, 131, 135, 140, 145, 151, 152, 153, 154, 160, 165
133 ->
134 -> 10, 18, 29, 32, 44, 60, 68, 76, 77, 89, 93, 96, 118, 122, 135, 147,
151, 152, 161
135 -> 7, 16, 18, 29, 32, 35, 38, 46, 61, 68, 72, 76, 83, 84, 85, 101, 106,
111, 114, 122, 125, 131, 132, 134, 136, 140, 142, 143, 147, 151, 152, 154,
160, 165
136 -> 18, 72, 89, 111, 135, 151
137 ->
139 -> 38
140 -> 7, 13, 16, 18, 31, 35, 53, 57, 61, 79, 84, 89, 101, 102, 106, 124, 126,
127, 131, 132, 135, 143, 145, 151, 160, 162, 165
141 -> 111, 116
142 -> 2, 34, 68, 89, 116, 135, 151, 152, 165
143 -> 18, 135, 140, 165
144 ->
145 -> 16, 18, 61, 132, 140
146 -> 44, 76
147 -> 10, 13, 16, 35, 36, 46, 51, 61, 68, 77, 79, 84, 85, 89, 109, 117, 120,
129, 134, 135, 152, 155, 159, 160, 162
148 -> 165
149 -> 10, 38, 46, 120, 157, 161
150 ->
151 -> 2, 7, 18, 32, 34, 38, 44, 46, 49, 55, 61, 68, 76, 84, 89, 102, 125,
127, 128, 131, 132, 134, 135, 136, 140, 142, 152, 155, 161, 165
152 -> 10, 32, 44, 68, 76, 89, 128, 132, 134, 135, 142, 147, 151, 155
153 -> 10, 17, 34, 36, 63, 64, 87, 89, 102, 126, 128, 132
154 -> 35, 38, 51, 101, 131, 132, 135, 155
155 -> 7, 10, 16, 26, 35, 38, 46, 59, 68, 82, 84, 85, 100, 117, 120, 129, 131,
147, 151, 152, 154
156 -> 38
157 -> 16, 64, 128, 149, 161
158 ->
159 -> 79, 147
160 -> 10, 16, 29, 34, 61, 82, 89, 106, 132, 135, 140, 147, 165
161 -> 29, 32, 76, 89, 134, 149, 151, 157
162 -> 10, 13, 17, 35, 36, 40, 79, 84, 85, 89, 109, 117, 128, 129, 140, 147
163 -> 89
164 -> 91
165 -> 2, 7, 16, 18, 35, 38, 43, 49, 53, 54, 55, 57, 68, 72, 83, 84, 89, 91,
96, 101, 102, 106, 111, 122, 127, 131, 132, 135, 140, 142, 143, 148, 151, 160
166 ->[0.2999479505750868, 0.3053752276528212, 0.30515263956822397, 0.3021611900928772, 0.29750966468898493, 0.3007502564729076, 0.2933667848486669, 0.313029760665973, 0.3157905662132001, 0.2968244030020092, 0.30685182492846336][0.29723866780598956, 0.31011006813097247, 0.2943573958509023, 0.3191426903595142, 0.30685471422051597, 0.3089347964701295, 0.2986966595223311, 0.30346222684703433, 0.31043997103836757, 0.31032715009548983, 0.30456859920301876][('closeness', ([(['16', '38', '84', '132', '135', '151', '165'], 0), ([], 1)], ['16', '38', '84', '132', '135', '151', '165'])), ('betweenness', ([(['16', '38', '89', '116', '135', '151', '165', '155', '85', '142', '147'], 0), (['155', '85'], 1), (['142', '147'], 2), ([], 3)], ['16', '38', '89', '116', '135', '151', '165', '155', '85', '142', '147'])), ('indegree', ([(['16', '38', '84', '89', '135', '165', '40', '128'], 0), (['40'], 1), (['128'], 2), ([], 3)], ['16', '38', '84', '89', '135', '165', '40', '128'])), ('outdegree', ([(['16', '38', '84', '89', '135', '165', '40'], 0), (['40'], 1), ([], 2)], ['16', '38', '84', '89', '135', '165', '40'])), ('degree', ([(['16', '38', '84', '89', '135', '165'], 0), ([], 1)], ['16', '38', '84', '89', '135', '165']))][('closeness', ([(['7', '16', '35', '38', '51', '61', '84', '89', '96', '102', '132', '135', '140', '151', '165', '155', '77', '40', '85', '116', '160', '147', '128', '94', '18', '120', '68'], 0), (['155', '77'], 1), (['40', '85', '116', '160', '147'], 2), (['128', '94'], 3), (['18'], 4), (['120', '68'], 5), ([], 6)], ['7', '16', '35', '38', '51', '61', '84', '89', '96', '102', '132', '135', '140', '151', '165', '155', '77', '40', '85', '116', '160', '147', '128', '94', '18', '120', '68'])), ('betweenness', ([(['16', '38', '51', '61', '63', '82', '84', '89', '111', '116', '132', '135', '140', '151', '165', '96', '12', '40', '128', '148', '160', '155', '72', '77', '62'], 0), (['96'], 1), (['12'], 2), (['40', '128', '148', '160'], 3), (['155', '72', '77'], 4), (['62'], 5), ([], 6)], ['16', '38', '51', '61', '63', '82', '84', '89', '111', '116', '132', '135', '140', '151', '165', '96', '12', '40', '128', '148', '160', '155', '72', '77', '62'])), ('indegree', ([(['7', '10', '16', '35', '38', '51', '61', '84', '89', '102', '132', '135', '140', '151', '165', '128', '85', '64', '147', '94', '96', '57', '160', '148', '77', '40', '68', '12', '59'], 0), (['128', '85', '64'], 1), (['147'], 2), (['94', '96', '57'], 3), (['160'], 4), (['148', '77'], 5), (['40', '68'], 6), (['12', '59'], 7), ([], 8)], ['7', '10', '16', '35', '38', '51', '61', '84', '89', '102', '132', '135', '140', '151', '165', '128', '85', '64', '147', '94', '96', '57', '160', '148', '77', '40', '68', '12', '59'])), ('outdegree', ([(['7', '10', '16', '35', '38', '51', '61', '84', '89', '102', '132', '135', '140', '151', '165', '40', '148', '160'], 0), (['40', '148', '160'], 1), ([], 2)], ['7', '10', '16', '35', '38', '51', '61', '84', '89', '102', '132', '135', '140', '151', '165', '40', '148', '160'])), ('degree', ([(['7', '10', '16', '35', '38', '51', '61', '84', '89', '102', '132', '135', '140', '151', '165', '128', '155', '94', '160', '40', '48', '64'], 0), (['128'], 1), (['155', '94'], 2), (['160'], 3), (['40', '48', '64'], 4), ([], 5)], ['7', '10', '16', '35', '38', '51', '61', '84', '89', '102', '132', '135', '140', '151', '165', '128', '155', '94', '160', '40', '48', '64']))]